   epsilon         CV     3sigma         HL     Median        box 
         0  0.0002248  0.0002206  0.0002331  0.0002774  0.0003549 
     0.001  0.0002359  0.0002321  0.0002439  0.0002891  0.0003588 
     0.002  0.0002275  0.0002249  0.0002365  0.0002751  0.0003472 
     0.003  0.0002287  0.0002262  0.0002366  0.0002777  0.0003587 
     0.004  0.0003817  0.0002277   0.000242  0.0002829  0.0003599 
     0.005  0.0002331  0.0002273  0.0002386  0.0002811  0.0003566 
     0.006  0.0002862  0.0002303  0.0002413  0.0002816  0.0003606 
     0.007  0.0005318  0.0002224  0.0002361    0.00028  0.0003538 
     0.008  0.0008077  0.0002343  0.0002309  0.0002745   0.000348 
     0.009   0.001028  0.0002634  0.0002414  0.0002797  0.0003533 
      0.01   0.001292  0.0002667  0.0002455  0.0002896  0.0003631 
     0.011   0.001704  0.0002785  0.0002415  0.0002811  0.0003536 
     0.012   0.001385  0.0002794  0.0002368  0.0002792  0.0003576 
     0.013   0.002209  0.0003364  0.0002414  0.0002847  0.0003605 
     0.014     0.0039  0.0003409  0.0002363  0.0002777  0.0003485 
     0.015   0.003103  0.0003642  0.0002427  0.0002881  0.0003611 
     0.016   0.005459  0.0004603  0.0002361   0.000273   0.000342 
     0.017   0.004721  0.0004622  0.0002297  0.0002737   0.000349 
     0.018   0.006995  0.0005964  0.0002383  0.0002778  0.0003408 
     0.019   0.008199   0.000593  0.0002421  0.0002779  0.0003427 
      0.02    0.01141  0.0007362  0.0002323  0.0002723  0.0003395 
     0.021    0.01176  0.0006694  0.0002422  0.0002818  0.0003565 
     0.022    0.01344  0.0009419  0.0002437  0.0002864  0.0003542 
     0.023    0.01601   0.001106  0.0002404  0.0002836  0.0003481 
     0.024    0.01711    0.00113   0.000241  0.0002819  0.0003588 
     0.025    0.02226   0.001218  0.0002336  0.0002753  0.0003387 
     0.026    0.02702   0.001488  0.0002312  0.0002703  0.0003345 
     0.027    0.03167   0.001733  0.0002425   0.000286   0.000359 
     0.028    0.02904   0.001745   0.000241  0.0002894  0.0003532 
     0.029    0.03553   0.001815   0.000236  0.0002744  0.0003471 
      0.03    0.04243   0.002402  0.0002437  0.0002837  0.0003501 
     0.031    0.04618   0.002588  0.0002357  0.0002756  0.0003435 
     0.032    0.05736    0.00298  0.0002492  0.0002925  0.0003571 
     0.033    0.06163   0.003376  0.0002481  0.0002884  0.0003493 
     0.034    0.06753   0.003187   0.000238  0.0002824  0.0003487 
     0.035    0.07753   0.003512   0.000244  0.0002859  0.0003467 
     0.036    0.08757   0.004342  0.0002436  0.0002841  0.0003491 
     0.037      0.105   0.005056  0.0002336  0.0002755  0.0003392 
     0.038     0.1038   0.005471   0.000243  0.0002846  0.0003479 
     0.039     0.1159   0.005614  0.0002354   0.000275  0.0003412 
      0.04      0.131   0.006105  0.0002461  0.0002922  0.0003581 
     0.041     0.1463   0.007066   0.000251  0.0002895  0.0003495 
     0.042     0.1609   0.007434  0.0002398  0.0002814  0.0003369 
     0.043     0.1797   0.008194  0.0002437  0.0002869  0.0003456 
     0.044     0.1856    0.00854  0.0002391  0.0002766  0.0003273 
     0.045     0.2047    0.00908  0.0002333  0.0002695  0.0003306 
     0.046     0.2178    0.01005  0.0002445  0.0002819  0.0003389 
     0.047     0.2401    0.01171  0.0002516   0.000294  0.0003579 
     0.048      0.262    0.01165  0.0002382  0.0002751  0.0003364 
     0.049     0.2844    0.01217  0.0002468  0.0002843  0.0003402 
      0.05     0.3111    0.01314  0.0002443  0.0002849  0.0003475 
     0.051     0.3454    0.01453  0.0002488  0.0002893   0.000352 
     0.052     0.3904    0.01593  0.0002501  0.0002879  0.0003457 
     0.053     0.4047    0.01604  0.0002458  0.0002811  0.0003386 
     0.054     0.4285    0.01785  0.0002456  0.0002821  0.0003395 
     0.055     0.4593    0.01842  0.0002526  0.0002905  0.0003483 
     0.056     0.4784    0.01996  0.0002476  0.0002863  0.0003439 
     0.057     0.4813     0.0207  0.0002423  0.0002822  0.0003372 
     0.058     0.5371    0.02161  0.0002365  0.0002764  0.0003322 
     0.059     0.5846    0.02367  0.0002337  0.0002699    0.00032 
      0.06     0.6205    0.02536  0.0002593  0.0003006  0.0003613 
     0.061      0.659    0.02594  0.0002514  0.0002877  0.0003396 
     0.062     0.6683    0.02841  0.0002557  0.0002947  0.0003507 
     0.063     0.7562    0.03035  0.0002435  0.0002789  0.0003342 
     0.064     0.7652    0.03016  0.0002466  0.0002819   0.000334 
     0.065     0.8089    0.03242  0.0002519  0.0002894  0.0003434 
     0.066     0.8783    0.03535  0.0002479  0.0002847  0.0003428 
     0.067     0.9062    0.03635  0.0002503  0.0002896  0.0003458 
     0.068      1.003    0.03925  0.0002479  0.0002826  0.0003317 
     0.069      1.026    0.04302  0.0002454  0.0002833  0.0003354 
      0.07      1.056    0.04352  0.0002515  0.0002847  0.0003764 
     0.071      1.118    0.04659  0.0002535  0.0002878  0.0003378 
     0.072      1.199    0.04748  0.0002549  0.0002919   0.000348 
     0.073      1.214    0.05018    0.00025  0.0002841  0.0004119 
     0.074      1.266    0.05259  0.0002782  0.0002914  0.0004323 
     0.075      1.297    0.05658  0.0002542  0.0002852  0.0004642 
     0.076      1.385    0.05835  0.0002464   0.000282  0.0004611 
     0.077       1.43    0.05871  0.0002649  0.0002745  0.0004028 
     0.078      1.532    0.06539  0.0002608  0.0002897  0.0003875 
     0.079      1.597    0.06774  0.0002485  0.0002783   0.000367 
      0.08       1.66    0.06757  0.0002532    0.00029   0.000378 
     0.081      1.639    0.06965   0.000253  0.0002857  0.0004185 
     0.082      1.687    0.07403  0.0002616  0.0002946  0.0004231 
     0.083      1.795    0.07701  0.0002566   0.000291  0.0003374 
     0.084       1.85    0.08059  0.0002861  0.0002936  0.0004837 
     0.085      1.933    0.08656  0.0002542  0.0002862  0.0004542 
     0.086      2.011    0.08893  0.0002951  0.0002918  0.0004206 
     0.087      2.094    0.08943  0.0002512  0.0002845  0.0003763 
     0.088      1.981    0.09088  0.0002514  0.0002831  0.0004174 
